100
20
100
10
30000
45
100
20
100
10
30000
45
100
20
100
10
30000
45
100
20
100
10
30000
45
100
20
100
10
30000
45
100
20
100
10
30000
45
100
20
100
10
30000
45
100
20
100
10
30000
45
100
20
100
10
30000
45
100
20
100
10
30000
45
100
20
100
10
30000
45
100
20
100
10
30000
45
100
20
100
10
30000
45
100
20
100
10
30000
45
100
20
100
10
30000
45
100
20
100
10
30000
45
100
20
100
10
30000
45
100
20
100
10
30000
45
100
20
100
10
30000
45
100
20
100
10
30000
45
100
20
100
10
30000
45
100
20
100
10
30000
45
100
20
100
10
30000
45
100
20
100
10
30000
45
100
20
100
10
30000
45
100
20
100
10
30000
45
100
20
100
10
30000
45
100
20
100
10
30000
45
100
20
100
10
30000
45
100
20
100
10
30000
45
100
20
100
10
30000
45
100
20
100
10
30000
45